[adolescente01.jpg]
filters=finetune2=1,0.187135,0.112281,0.000000,00000000,-0.321637;fill=1,0.112150;enhance=1;
moddate=518b789cce0cd401
width=1280
height=852
textactive=0
